D:
- 0.05726418457427816
- 0.037813888492460576
- -0.04374792696234688
- 0.01718412890389233
K:
- 994.3634581684523
- 0.0
- 975.9790891183168
- 0.0
- 994.1307887146409
- 537.4978129301328
- 0.0
- 0.0
- 1.0
camera_model: fisheye
cx: 975.9790891183168
cx_rectified: 975.9790891183168
cy: 537.4978129301328
cy_rectified: 537.4978129301328
distortion_model: equidistant
fx: 994.3634581684523
fx_rectified: 994.3634581684523
fy: 994.1307887146409
fy_rectified: 994.1307887146409
image_height: 1080
image_width: 1920
rmse_px: 9.408
