%YAML:1.0
---
camera_id: N010005C4
R: !!opencv-matrix
   rows: 3
   cols: 3
   dt: d
   data: [ 6.6033296273645403e-03, -9.9971708507503376e-01,
       2.2850510867595986e-02, -1.4404352336373383e-02,
       -2.2943732142024720e-02, -9.9963298254367583e-01,
       9.9987444745408016e-01, 6.2717592805183742e-03,
       -1.4551782156328685e-02 ]
t: !!opencv-matrix
   rows: 3
   cols: 1
   dt: d
   data: [ -8.4009574767336739e-03, -2.1168874136500603e-02,
       8.5038134756665010e-02 ]
