%YAML:1.0
---
camera_id: N00AD05C1
image_topic: /cam_57/camera/rgb/image_raw
namespace: cam_57
camera_frame: cam_57_camera_frame
lidar_frame: cam_57_lidar_frame
reference_frame: stag_marker
library_hd: 21
marker_id: 7
marker_size: 3.2000000000000001e-01
num_frames: 30
reproj_rmse_px: 9.3292671887617459e-02
depth_refined: 1
depth_delta_m: 2.1402379789733317e-01
R: !!opencv-matrix
   rows: 3
   cols: 3
   dt: d
   data: [ -9.7016891772129643e-01, 2.1314128135741364e-01,
       1.1551218666792980e-01, 4.3167114043031014e-03,
       4.9158887131923068e-01, -8.7081671297566132e-01,
       -2.4239149549878763e-01, -8.4434067518768940e-01,
       -4.7784431265157534e-01 ]
t: !!opencv-matrix
   rows: 3
   cols: 1
   dt: d
   data: [ 2.1898728342551488e-01, 6.1314582261881578e-01,
       3.2825513703749629e+00 ]
tag_count: 2
tag_0_id: 0
tag_0_size: 1.9000000000000000e-01
tag_0_R: !!opencv-matrix
   rows: 3
   cols: 3
   dt: d
   data: [ 9.8099920317693656e-01, -1.5351952283686729e-01,
       1.1862680756960449e-01, 2.7486587330737958e-02,
       -4.9529810393685653e-01, -8.6828812945557665e-01,
       1.9205481218424367e-01, 8.5505060922994214e-01,
       -4.8166731752567499e-01 ]
tag_0_t: !!opencv-matrix
   rows: 3
   cols: 1
   dt: d
   data: [ 6.2588981166830970e-01, 5.9721202723636635e-01,
       3.4365256129425492e+00 ]
tag_0_depth_delta_m: 2.5472388800947154e-01
tag_1_id: 7
tag_1_size: 3.2000000000000001e-01
tag_1_R: !!opencv-matrix
   rows: 3
   cols: 3
   dt: d
   data: [ -9.7016891772129643e-01, 2.1314128135741364e-01,
       1.1551218666792980e-01, 4.3167114043031014e-03,
       4.9158887131923068e-01, -8.7081671297566132e-01,
       -2.4239149549878763e-01, -8.4434067518768940e-01,
       -4.7784431265157534e-01 ]
tag_1_t: !!opencv-matrix
   rows: 3
   cols: 1
   dt: d
   data: [ 2.1898728342551488e-01, 6.1314582261881578e-01,
       3.2825513703749629e+00 ]
tag_1_depth_delta_m: 2.1402379789733317e-01
