D:
- 0.049952692026423294
- 0.07272914905415027
- -0.10872479069979475
- 0.06513161083411652
K:
- 993.0531707911992
- 0.0
- 937.4539822584624
- 0.0
- 993.3985839479532
- 541.3042522680487
- 0.0
- 0.0
- 1.0
camera_model: fisheye
cx: 937.4539822584624
cx_rectified: 937.4539822584624
cy: 541.3042522680487
cy_rectified: 541.3042522680487
distortion_model: equidistant
fx: 993.0531707911992
fx_rectified: 993.0531707911992
fy: 993.3985839479532
fy_rectified: 993.3985839479532
image_height: 1080
image_width: 1920
rmse_px: 10.2582
