%YAML:1.0
---
camera_id: N0078060D
R: !!opencv-matrix
   rows: 3
   cols: 3
   dt: d
   data: [ 4.1861083959624179e-02, -9.9902197507735369e-01,
       1.4238783735591232e-02, -3.7514495014467075e-02,
       -1.5812842060312249e-02, -9.9917096469512445e-01,
       9.9841890622800955e-01, 4.1292218861660346e-02,
       -3.8139747612509378e-02 ]
t: !!opencv-matrix
   rows: 3
   cols: 1
   dt: d
   data: [ 1.3120029139224258e-03, -1.8122235084890290e-02,
       9.4309665177125954e-02 ]
