D:
- 0.061784357950571175
- 0.007957152110143905
- 0.006655843117161485
- -0.006132917411190952
K:
- 997.969957402643
- 0.0
- 916.4667568578204
- 0.0
- 997.0229550430075
- 535.6416126522546
- 0.0
- 0.0
- 1.0
camera_model: fisheye
cx: 916.4667568578204
cx_rectified: 916.4667568578204
cy: 535.6416126522546
cy_rectified: 535.6416126522546
distortion_model: equidistant
fx: 997.969957402643
fx_rectified: 997.969957402643
fy: 997.0229550430075
fy_rectified: 997.0229550430075
image_height: 1080
image_width: 1920
rmse_px: 13.4667
