%YAML:1.0
---
camera_id: N00A5060D
R: !!opencv-matrix
   rows: 3
   cols: 3
   dt: d
   data: [ 4.0316344172492136e-02, -9.9918255800701505e-01,
       2.9678556438362258e-03, 5.4162002309722790e-03,
       -2.7516888293643849e-03, -9.9998154632155289e-01,
       9.9917228602860231e-01, 4.0331674688064589e-02,
       5.3008347675605472e-03 ]
t: !!opencv-matrix
   rows: 3
   cols: 1
   dt: d
   data: [ 8.9072173204542415e-03, -2.3346080717075404e-02,
       9.7315907079007405e-02 ]
