%YAML:1.0
---
camera_id: N00A5060D
image_width: 1920
image_height: 1080
distortion_model: equidistant
camera_matrix: !!opencv-matrix
   rows: 3
   cols: 3
   dt: d
   data: [ 9.9796995740264299e+02, 0., 9.1646675685782043e+02, 0.,
       9.9702295504300753e+02, 5.3564161265225459e+02, 0., 0., 1. ]
distortion_coefficients: !!opencv-matrix
   rows: 1
   cols: 4
   dt: d
   data: [ 6.1784357950571175e-02, 7.9571521101439047e-03,
       6.6558431171614852e-03, -6.1329174111909518e-03 ]
